THRALL 80 82 83 100 100 80
GARROSH 78 84 78 109 85 100
EITRIGG 79 83 100 85 105 78
VARIAN 60 45 50 80 80 70
JAINA 65 80 40 45 80 75
GENN 83 80 75 70 70 91
MALFURION 55 81 60 50 70 97
BOLVAR 60 85 69 65 79 80
UTHER 60 90 55 90 80 110
SYLVANAS 90 82 87 75 85 76
LORTHEMAR 81 92 77 85 75 85
TERENAS 95 70 73 85 90 60
CAIRNE 73 76 75 81 100 100
BAINE 75 80 85 100 90 50
VOLJIN 70 65 60 90 75 90
DUROTAN 35 80 50 50 70 120
VELEN 90 110 80 100 80 95
ANDUIN 90 85 95 70 90 70
TYRANDE 55 50 45 135 85 120
ARTHAS 90 130 80 65 85 55
TIRION 80 105 65 100 60 70
KELTHUZAD 80 70 65 80 120 100
MAGNI 80 110 130 55 65 45
BRAN 65 100 70 80 80 105
GARRONA 90 70 80 70 95 70
TALANJI 50 95 180 85 45 70
HELLSCREAM 60 65 60 130 75 110
MALGANIS 55 130 110 50 50 75
NATHANOS 95 95 85 125 65 55
KAELTHAS 80 92 65 65 80 68
MAIEV 60 75 85 100 85 115
GULDAN 70 130 100 55 80 65
ILLIDAN 95 125 79 60 100 81
VAROK 91 134 95 100 100 80
TEST_30_WOW 30 30 30 30 30 30
TEST_60_WOW 60 60 60 60 60 60
TEST_90_WOW 90 90 90 90 90 90